[ 1.65179987e-02  1.62802022e-02  3.25182490e-02  5.47216386e-02
  1.24947634e-02  6.67376770e-03 -5.67568876e-02  4.44383621e-02
 -5.18495031e-02  5.68584166e-02 -3.98780517e-02  3.32059860e-02
 -5.33977076e-02  2.13048346e-02 -6.67771474e-02  8.55955668e-03
  2.00593416e-02  9.95307136e-03  2.88990755e-02 -1.05447983e-02
  1.40360985e-02  1.01861641e-01  5.85768074e-02  4.78702337e-02
  5.64720184e-02 -4.59875800e-02  4.99464124e-02 -2.71794619e-03
  4.55761747e-03  4.30238023e-02 -5.01435399e-02 -6.84596971e-03
  1.09362518e-02 -2.61653103e-02  1.71197336e-02  8.10245890e-03
 -6.18456630e-04 -3.69128957e-02  4.13466841e-02 -2.43492592e-02
 -1.96408741e-02  5.19845784e-02  5.25962971e-02 -1.79556001e-03
  2.52146972e-03  7.63816833e-02 -1.86382178e-02 -2.66495422e-02
 -1.21774068e-02  8.92570168e-02  3.76704559e-02 -9.82231423e-02
  4.81981374e-02  5.15438728e-02  1.39328493e-02 -3.88321723e-03
 -1.09630311e-02  7.56899118e-02  4.65185046e-02 -9.37815383e-02
  1.74063873e-02 -4.74961735e-02  2.42698211e-02  2.17188671e-02
 -8.92432034e-03  3.24621983e-02 -9.32184141e-03  4.25952822e-02
  9.55385268e-02  4.51073200e-02  1.65152978e-02  1.28590865e-02
  3.27846892e-02  1.04349852e-01 -2.97916681e-02  3.79668400e-02
 -2.93072704e-02  1.52385477e-02  3.84197310e-02  8.02830141e-03
  1.51704863e-01  1.88841727e-02  2.72748317e-03 -4.11670282e-02
 -6.83749467e-03  9.52301100e-02 -1.58410650e-02 -5.59306219e-02
  2.05996521e-02 -2.13364549e-02 -1.51819596e-02  3.67527343e-02
  2.99557112e-02 -1.72667615e-02 -5.92477210e-02 -8.53277743e-03
 -1.16478419e-02  4.16155644e-02  3.75806610e-03  1.16917705e-02
  1.72779057e-02  5.87233864e-02 -8.62642564e-03 -5.28974980e-02
  4.06947881e-02 -1.27488999e-02  3.89724388e-03 -9.28403139e-02
 -1.28759556e-02 -8.21137577e-02  7.55951367e-03 -4.19977261e-03
  4.32964303e-02 -6.06879182e-02  3.44402716e-02  9.38620418e-03
  2.55732071e-02  2.69113928e-02 -2.27293535e-03 -1.91696268e-02
 -2.04406921e-02  4.51677702e-02  1.25303934e-03 -6.77067414e-02
  4.90090325e-02  7.32184527e-03  7.57220760e-02  2.40926817e-02
  1.83999371e-02  5.72671043e-03  2.51439679e-02 -2.95231175e-02
 -7.72402287e-02  1.77381076e-02 -9.13100783e-03 -2.51492970e-02
 -6.65497854e-02  4.38342690e-02  4.41620201e-02  4.48755138e-02
 -3.75376865e-02  6.00040630e-02  2.92810053e-02 -1.32493954e-02
 -2.34134160e-02  5.99914603e-02  2.88366489e-02  3.42664197e-02
  3.97458375e-02 -1.20461767e-03  2.84409747e-02 -3.40969265e-02
 -5.10974079e-02  3.44811268e-02 -3.31337564e-02  4.52405214e-02
 -8.34425911e-02  1.66298414e-03 -6.49672374e-02 -3.41367796e-02
 -2.57331487e-02  1.48677398e-02  8.89614038e-03  1.71268918e-02
  5.07907025e-05 -8.07854719e-03 -6.04444072e-02 -3.14911455e-02
 -2.70894002e-02  2.92604585e-04 -7.66733736e-02 -1.25795394e-01
 -1.10491421e-02  7.98517913e-02  4.51147370e-02  5.54864742e-02
  7.20493030e-03  4.68874127e-02 -1.58761477e-03  9.31800902e-03
 -4.14216518e-03 -7.66549334e-02  5.20123951e-02  1.00067882e-02
  8.89211614e-03 -4.49396521e-02  7.76998699e-02  1.53027866e-02
  4.24066894e-02  2.53135450e-02  8.15252140e-02  8.57929140e-02
  3.35171930e-02  2.19890382e-02  8.02944154e-02  2.33093314e-02
 -5.44912964e-02 -1.54071739e-02  3.40846702e-02  3.98910157e-02
 -1.85507610e-02  3.34828794e-02  3.44876237e-02  2.48157047e-02
  9.19199735e-02  4.94201034e-02  5.88578470e-02  5.68294153e-02
  3.12268902e-02 -6.73718601e-02 -4.22040652e-03  5.50364144e-02
  1.28638176e-02  4.48833369e-02 -4.00529206e-02  3.85273285e-02
  4.06785533e-02 -5.59202023e-02 -7.47215077e-02  3.02971620e-02
 -7.58660361e-02  6.01462424e-02  6.46187887e-02  5.00048287e-02
  3.15170400e-02  4.52979393e-02 -7.60446489e-02  2.79075876e-02
  9.80261043e-02  1.42568275e-02  6.13490529e-02  8.37773550e-03
  1.13505721e-02  4.25704755e-02 -3.13534923e-02 -4.93517220e-02
  6.14144932e-03 -3.74258682e-02 -2.49860398e-02  8.56434703e-02
 -2.10730694e-02  3.84208672e-02 -2.93120909e-02  7.82759041e-02
  1.23972381e-02 -4.33424534e-03 -9.11629498e-02 -5.15508950e-02
  2.85151061e-02 -8.07746220e-03  4.55873366e-03  1.66394748e-02
 -5.96370772e-02  7.96505809e-03  7.97432009e-03 -8.60191807e-02
 -4.47145551e-02  1.26772327e-02 -4.98910770e-02 -9.71930753e-03
 -2.96475105e-02 -1.76894162e-02  3.47761773e-02  3.47521342e-03
 -8.63024443e-02 -8.15706793e-03  4.80922982e-02 -1.16942665e-02
  2.99070198e-02  1.33788930e-02  6.48469850e-03  2.74273865e-02
  2.93400586e-02  2.67108735e-02 -8.36436898e-02  2.97303516e-02
  3.02445740e-02  3.48850675e-02  7.81861320e-02 -3.36678699e-02
  4.20343913e-02  2.50714235e-02 -3.02808248e-02 -4.42840643e-02
  7.12703168e-02  6.16071420e-03  4.52125296e-02 -3.17256749e-02
 -1.05253300e-02  7.76863145e-03 -6.65654838e-02  2.28917915e-02
 -1.30931064e-02  3.03376876e-02 -9.56181344e-03 -3.76820303e-02
 -7.31297508e-02  4.85019386e-02 -4.67125960e-02 -7.86729390e-04
  6.98767751e-02  6.37501478e-02 -1.56699307e-02  9.99030918e-02
  3.82013917e-02 -4.07752674e-03 -1.97341777e-02 -2.79247873e-02
 -5.26971631e-02  2.12193765e-02  3.32225934e-02  3.09018102e-02
 -1.10649681e-02  4.83778007e-02  4.37821336e-02 -8.36238917e-03
 -1.97313745e-02  4.17061001e-02  2.69428100e-02  4.04951684e-02
  7.17833936e-02  7.76412664e-03  3.25847007e-02  6.71758130e-03
 -2.91540194e-03  7.75686204e-02  2.31908988e-02 -9.31411237e-02
 -8.27600900e-03 -6.69308305e-02  1.90249772e-03 -6.15686662e-02
 -1.50176492e-02 -2.80721281e-02  2.02899668e-02  2.92392951e-02
 -1.05824554e-02  9.97720845e-03  2.12886631e-02 -5.58427051e-02
  5.74917421e-02  9.18558910e-02  1.21110457e-03 -2.06759330e-02
 -2.75195111e-02  3.56491171e-02 -5.05930074e-02  1.33324908e-02
  4.36310992e-02  6.27053902e-03  4.28847969e-02 -3.82492505e-02
 -5.36933802e-02 -8.69437028e-03 -8.51551741e-02  7.04782270e-03
  2.71109608e-03  2.70897057e-03 -7.30901137e-02 -2.06158906e-02
  5.30688949e-02 -6.43376634e-02  5.35184629e-02  1.18870102e-01
  1.29491612e-01 -4.63085473e-02  2.44001672e-02 -3.62045132e-02
 -4.69044112e-02  5.64869009e-02 -8.42922628e-02  3.42157111e-02
 -3.10875811e-02 -5.09838052e-02  3.72305363e-02  6.94229826e-02
 -1.09698556e-01 -7.09502101e-02  2.62601580e-02  6.77415058e-02
  3.59753445e-02  2.03821752e-02  3.64133380e-02  2.97183469e-02
  3.40357162e-02  2.36716270e-02  1.45042911e-02  4.72798273e-02
 -3.88795547e-02  2.63183042e-02  1.16092898e-03  8.61882698e-03
  1.44900447e-02 -4.22644094e-02  1.35060251e-02  1.62990279e-02
  6.06751554e-02 -1.35250119e-02  1.22767873e-02  6.55606808e-03
 -2.82897372e-02 -4.79631424e-02  2.33198255e-02 -9.96912085e-03
  7.80169219e-02 -7.25597590e-02 -6.32862076e-02  4.62459028e-02
  6.11886308e-02  1.07126019e-03  1.62969418e-02 -9.24245641e-02
 -5.05984277e-02  2.83363909e-02 -2.53956430e-02 -1.64597444e-02
  2.18890328e-02  1.37382131e-02  4.91410075e-03  1.55697903e-02
 -3.65486369e-02 -1.82965770e-02  6.67070225e-02 -2.27014013e-02
 -4.36970256e-02 -3.53100598e-02  5.18188141e-02 -1.73798180e-03
 -1.46882683e-02 -5.00636622e-02  3.29102166e-02  4.55404855e-02
  2.36195701e-04  1.66662019e-02  4.28795144e-02 -2.01759357e-02
  1.34592270e-02 -5.28831445e-02  3.04026026e-02 -3.79849076e-02
 -4.57225218e-02 -1.15940638e-01 -9.13122762e-03  3.85577902e-02
 -1.82282533e-02  6.47593513e-02 -5.06058037e-02  9.80360955e-02
  5.69592789e-02 -9.96655375e-02  7.50678703e-02  5.31210506e-04
  3.24500212e-03 -1.55696934e-02  2.45965663e-02  5.79898395e-02
  1.96021725e-03 -3.88969593e-02 -1.00812884e-02  2.65911575e-02
 -4.42458410e-03 -2.87117884e-02 -1.21753942e-02  6.14685491e-02
 -4.81008738e-02 -3.25430110e-02 -5.69047453e-03 -1.04842046e-02
  6.47697877e-03  1.18287643e-02 -4.46225889e-03  2.43017022e-02
  2.29808670e-02 -2.96093933e-02 -4.42631729e-02  2.02837182e-05
  1.14419069e-02 -2.13333666e-02 -5.07483855e-02  3.01373061e-02
  1.27302362e-02  4.75576781e-02  5.63949347e-03  9.17651691e-03
  5.09813253e-04 -5.97311035e-02 -6.91350433e-04  8.40927958e-02
  5.29169627e-02  9.93040018e-03  5.06158546e-02 -7.43198395e-02
  1.61681545e-03 -2.30664685e-02 -9.37975664e-03 -7.73728592e-03
  8.55885372e-02  5.57458252e-02  1.58735625e-02 -4.82222065e-03
  6.46351427e-02  4.73670624e-02  4.95621748e-02  3.50268148e-02
  2.13477779e-02  1.80743374e-02 -1.93760842e-02  2.11367160e-02
 -4.06519286e-02 -4.11145529e-03  1.41038382e-02 -2.82529481e-02]
